3090
4374
641
3413
2606
3719
4321
24081
3530
11933
11006
7753
11833
18095
10864
10795
10929
1578
18443
11755
24670
22609
10083
31295
26010
18013
19220
1494
10826
7040
3857
8191
958
7462
10839
5883
23977
5182
3755
23084
26166
9040
19484
10277
3639
3638
6629
26352
18115
7148
10916
6365
7577
10824
19036
11005
2473
18504
194
19458
11774
20061
3153
4265
9616
4169
3411
5387
3128
3397
6498
6451
10830
26204
5855
3775
3049
5916
19700
3122
5905
18502
543
3766
10838
3472
5300
3754
3952
3551
10900
35
18982
645
11295
10901
19202
3699
538
18375
5544
23194
76
10891
5709
3296
21471
7270
4134
19276
7467
32023
2778
401
3851
8378
18010
5954
3824
189
19073
441
242
8946
10688
68
6436
30677
10203
3285
10962
3216
3756
3162
3665
5080
7468
6175
23588
351
23099
30288
3105
7051
3046
30268
3771
3051
20449
26211
3478
10745
10887
3123
1550
8125
1514
10833
8271
6783
31346
20359
4274
4988
18307
19136
3839
7641
7576
10963
3305
19162
10984
440
5610
5619
10921
19448
31343
119
9032
31370
381
18945
851
3417
23199
8206
18848
3852
195
6223
19419
24656
19496
6986
3543
1313
19409
3377
3757
8555
19698
3308
11754
18480
6275
11013
11783
10875
6729
10920
6172
11037
18038
23089
24741
31331
5725
10859
6178
19132
3858
10809
3631
2335
2655
18109
18597
3856
3784
19723
10832
10926
10944
18889
7384
600
10095
1221
8230
10854
5506
30320
10964
3736
3445
3760
378
5699
21431
4921
481
8136
31908
6703
504
10998
2517
3501
10983
11024
6282
10880
4051
21462
844
8363
3592
3099
21469
32921
10981
3683
18457
11786
19792
23111
3776
10898
24441
22377
5490
3772
32987
4726
3561
3715
42
26310
19035
18654
3412
2939
7607
3972
730
5453
4609
4685
65
10812
341
10067
30289
3793
3785
8905
3812
23169
19686
3292
8053
10577
11038
5020
2957
6661
374
19421
19706
3072
3637
5594
10064
5572
3373
135
9584
18751
7652
6117
19100
8447
4722
66
3526
26726
3795
18685
4279
3387
3359
10974
3039
3830
10781
6513
32956
3494
10442
21476
7962
19075
3053
2814
1551
23183
3245
1101
18402
3047
1914
312
10847
1794
6
7860
5682
10996
3197
22605
3441
10608
25841
137
10928
7272
10841
30279
26591
10821
23981
1866
11838
21436
10990
523
3200
18169
5347
26250
3102
3552
3542
31290
1659
7774
11842
3510
19124
3101
19493
21454
19397
3357
23344
23380
10840
3924
10576
10540
1793
18601
10934
18036
3811
10959
5460
3701
31321
10881
10888
31312
8717
8339
10823
3859
3193
149
3052
425
5921
5434
649
499
10301
400
10818
23
228
24752
23132
274
31475
19187
10988
8669
19717
3404
3823
10892
11012
24667
6880
3116
18008
3696
6791
24744
617
11007
31289
25267
24665
30930
21503
7412
5818
7476
355
9722
18179
3069
3850
24180
3313
3534
4838
3423
23092
3717
32167
1288
10195
10951
10068
18745
10791
21419
7217
10074
7175
8925
32249
26243
1923
8935
3067
23710
10007
8010
3422
20914
10243
24
10788
10945
10245
3055
5817
3713
8581
5194
8066
10065
23103
19123
8990
3872
4172
18495
10380
3849
3227
18139
3155
11636
2024
8530
3213
21098
26191
19718
18131
298
7615
3525
10904
10406
11805
3765
19211
6120
23181
22416
10861
1984
23106
10908
10986
8142
5711
3203
11173
31352
344
19712
24663
26532
31364
3136
3562
4862
10884
3077
10966
21229
32948
153
31471
18060
1154
11004
18127
3531
10906
24698
3985
23066
1260
7884
2530
9581
18580
1955
3385
3855
18434
7463
19221
9628
31401
19964
10979
7960
3649
20636
3134
402
3100
3536
596
7036
5155
32194
494
8045
20189
5075
388
3036
3442
3355
3383
19929
9791
199
19244
19520
26240
19269
3070
19044
18651
18416
3068
3117
24672
392
3344
3401
3763
22153
3599
245
18476
8377
11027
3382
8582
18522
10814
3694
2551
23118
18032
18832
9176
18137
10853
26226
32166
8917
10905
2282
3527
108
3670
4369
3462
3092
5526
31751
31328
3575
11468
443
10426
18138
7473
29
219
10723
19389
503
10820
20383
8694
522
19390
10936
10683
18607
3060
10837
23102
3762
7862
7653
4145
7575
19751
7123
1954
26266
521
8681
19510
3557
19006
10857
18619
24585
3458
20954
6242
3790
444
21475
3691
3087
32416
5193
6330
3791
19054
252
3088
3384
24251
24318
3497
10927
18620
945
9585
8802
6628
10780
10903
25266
18269
5018
10909
3309
31940
1581
139
23917
3690
21429
10027
3573
386
5027
10381
10834
26674
2080
3788
21768
10267
32989
8187
10810
5369
32250
9960
5459
3035
1379
18765
5204
26254
4205
3232
3588
10947
3410
3624
20510
8312
3184
32939
3144
4207
3770
5504
5814
5608
11017
8631
7354
7114
22378
8058
30039
497
173
10339
3495
10069
31474
7466
10918
10071
10613
3712
3593
21443
136
34
19249
7373
229
8695
3461
852
1723
10982
3818
31339
8835
1100
19459
10817
3815
3081
19243
3454
18128
6853
3732
18893
3686
495
10889
445
2025
18209
3661
32697
2446
25239
3594
10819
2766
7124
18214
3779
3660
3358
10446
3697
3205
3777
24719
23193
11872
18527
3820
18777
19420
23414
3073
3078
21400
3619
5041
560
7519
3628
571
2667
10856
6159
107
19050
26228
10555
9200
7694
5941
6730
4330
19033
31729
10911
10150
18051
5151
18467
218
134
8682
3882
8558
24654
3074
19096
3965
5683
11863
23116
4695
3553
3297
24351
23123
3834
8932
385
3380
26188
7864
18657
4608
3781
3787
3577
10779
24352
10066
5505
10938
412
11002
3535
5457
19463
31728
2817
3620
10836
18819
10028
4166
283
32922
19724
3582
24714
3792
19021
1780
18768
3837
11156
4725
2959
19705
3395
23067
71
11847
30485
3827
5609
4440
8520
31269
4738
3782
22913
10450
6102
9723
3758
5277
10987
6573
8190
23076
5212
50
19742
3559
5543
21834
6921
5719
10803
3789
3780
3133
20582
10153
10813
18031
25046
4097
18773
23107
19101
4891
10039
5684
18040
3817
7385
482
3283
6859
10844
3114
7458
18188
7209
18491
24778
11020
10639
3768
3831
4361
102
7273
2610
5215
8313
8642
10827
30
5076
3107
10398
2235
24763
8822
3783
8091
19708
10400
7675
10890
3354
3321
1874
26052
67
10932
10895
26273
10808
4969
3689
10985
3220
3511
18064
5598
5273
26202
18068
6140
24550
8349
10910
19108
10845
3759
18609
3143
10852
10801
8906
18914
22867
3668
10913
18043
338
369
23151
18028
8330
4345
11469
5998
32322
18719
3062
32537
18135
359
3303
3707
595
3375
1739
26249
18403
3595
6800
10948
5573
3291
8557
3290
5499
3708
3693
2547
3963
10800
11010
5285
18577
19624
31421
487
5432
3157
3233
7828
3786
11018
11159
10879
3421
5395
8525
10933
18304
18944
4135
10262
3038
424
31360
7138
3773
10922
10877
11176
10874
5265
10865
10804
3666
10831
3714
24384
31432
19400
7821
21435
3228
10923
23586
398
24350
3312
3703
6015
10710
18795
22379
9800
6051
6690
3459
7568
11563
4587
3826
3095
3794
11031
24777
23176
3110
5060
18045
10842
3558
77
19460
7988
3572
3744
20859
31262
10989
10825
18582
11839
5893
19647
18655
1275
62
7485
24701
18159
8590
25240
11146
32903
8351
30290
10451
8969
24661
11637
24702
31227
10815
10930
6109
11171
10151
105
24681
3509
6512
3600
18005
31732
18562
10126
6234
10907
10030
3061
2990
3706
3835
3370
5257
2487
4641
18634
6396
3601
7651
8913
10999
22341
1231
7275
3082
2350
6366
589
3427
7274
3246
18155
407
32847
21230
10799
19676
32916
10993
6689
19585
10087
8668
10741
6243
18752
31752
7765
19688
11003
6188
3761
10802
26028
18624
7052
3079
10937
3554
3532
3684
6076
4320
19322
23156
21430
825
3515
8083
6308
3429
19790
20782
5604
8493
5964
10811
19709
19182
10848
5005
10882
24181
3138
1519
24740
1729
11000
18088
3453
23138
5942
3848
3295
4187
30552
18097
23165
3496
10950
3828
1640
18629
6843
20550
18595
5397
3477
7356
31731
21665
3860
3419
354
6000
11011
6961
10997
19316
32247
3825
11032
8709
10917
3508
24745
21450
3570
11867
31473
11014
11180
3371
6705
1122
843
18626
6942
24286
10902
6928
19507
18769
11172
79
3440
3381
10448
2596
19627
26640
31636
24653
434
25842
18730
356
4669
10949
18792
1329
31758
3304
19699
10222
11628
21962
18837
952
819
32417
18772
11174
18666
78
10797
3598
25591
8370
4861
75
8715
3662
24753
22380
4372
6205
24949
26185
8221
3174
23599
3854
3740
3500
246
3764
3125
18594
3374
7557
3302
11756
3066
10302
3129
18317
3524
6325
8954
18581
32940
18011
19340
19172
3195
10792
5446
10756
26225
6953
373
31368
18338
3612
3695
3322
5681
3541
1093
10793
19744
3054
10782
3111
975
21487
3682
9851
19012
31356
19228
5631
24786
9662
5404
10816
6090
23171
7442
10342
3643
26252
7265
3482
19417
379
18496
10939
3450
2958
26224
10912
10846
10579
7961
2081
11712
10896
7465
26242
10878
3301
8472
10652
4989
3492
25571
6329
10643
227
31966
2836
5422
7595
10794
3606
24692
5700
10978
31472
18916
3447
3816
2881
3106
22336
10919
18579
23715
10994
18652
3514
3813
8696
3356
18650
8952
26244
8716
3829
18200
3108
3767
24549
21591
22381
3614
